890
1581440072012
1581440072012
1581440072139
1581440072140
1581440072146
1581440072149
1581440072149
1581440072149
1581440072150
1581440072152
1581440072153
1581440072153
1581440072154
1581440072199
1581440072204
1581440072205
1581440072206
1581440072207
1581440072216
1581440072217
1581440072218
1581440072219
1581440072227
1581440072228
1581440072228
1581440072231
1581440072231
1581440072273
1581440072274
1581440072279
1581440072280
1581440072282
1581440072289
1581440072292
1581440072293
1581440072293
1581440072336
1581440072373
1581440072374
1581440072380
1581440072386
1581440072393
1581440072393
1581440072394
1581440072397
1581440072397
1581440072398
1581440072439
1581440072442
1581440072445
1581440072446
1581440072452
1581440072455
1581440072457
1581440072457
1581440072458
1581440072462
1581440072466
1581440072469
1581440072498
1581440072499
1581440072500
1581440072506
1581440072507
1581440072516
1581440072517
1581440072517
1581440072532
1581440072532
1581440072532
1581440072532
1581440072537
1581440072568
1581440072568
1581440072569
1581440072574
1581440072574
1581440072575
1581440072586
1581440072586
1581440072586
1581440072587
1581440072592
1581440072593
1581440072599
1581440072630
1581440072630
1581440072634
1581440072635
1581440072636
1581440072636
1581440072641
1581440072646
1581440072648
1581440072651
1581440072653
1581440072654
1581440072654
1581440072658
1581440072690
1581440072691
1581440072694
1581440072694
1581440072696
1581440072700
1581440072700
1581440072700
1581440072700
1581440072706
1581440072713
1581440072714
1581440072717
1581440072717
1581440072746
1581440072749
1581440072749
1581440072752
1581440072754
1581440072757
1581440072767
1581440072770
1581440072771
1581440072772
1581440072773
1581440072774
1581440072778
1581440072809
1581440072810
1581440072814
1581440072815
1581440072821
1581440072822
1581440072826
1581440072827
1581440072831
1581440072832
1581440072833
1581440072833
1581440072835
1581440072836
1581440072837
1581440072871
1581440072871
1581440072878
1581440072882
1581440072882
1581440072883
1581440072886
1581440072888
1581440072889
1581440072895
1581440072896
1581440072898
1581440072899
1581440072930
1581440072931
1581440072935
1581440072935
1581440072936
1581440072937
1581440072948
1581440072948
1581440072953
1581440072954
1581440072955
1581440072955
1581440072956
1581440072991
1581440072992
1581440072992
1581440072997
1581440072997
1581440072998
1581440072998
1581440073003
1581440073003
1581440073003
1581440073011
1581440073013
1581440073015
1581440073021
1581440073051
1581440073052
1581440073054
1581440073055
1581440073057
1581440073060
1581440073064
1581440073065
1581440073066
1581440073068
1581440073069
1581440073070
1581440073070
1581440073072
1581440073074
1581440073111
1581440073112
1581440073118
1581440073118
1581440073124
1581440073126
1581440073131
1581440073134
1581440073135
1581440073138
1581440073138
1581440073140
1581440073179
1581440073180
1581440073184
1581440073185
1581440073185
1581440073186
1581440073190
1581440073191
1581440073195
1581440073195
1581440073200
1581440073204
1581440073206
1581440073239
1581440073240
1581440073241
1581440073245
1581440073246
1581440073250
1581440073250
1581440073251
1581440073252
1581440073256
1581440073259
1581440073263
1581440073268
1581440073269
1581440073269
1581440073301
1581440073301
1581440073302
1581440073306
1581440073316
1581440073316
1581440073316
1581440073331
1581440073331
1581440073338
1581440073338
1581440073338
1581440073338
1581440073338
1581440073374
1581440073376
1581440073376
1581440073380
1581440073381
1581440073381
1581440073385
1581440073386
1581440073387
1581440073394
1581440073394
1581440073399
1581440073400
1581440073404
1581440073439
1581440073440
1581440073441
1581440073447
1581440073447
1581440073449
1581440073450
1581440073453
1581440073454
1581440073455
1581440073464
1581440073465
1581440073465
1581440073501
1581440073502
1581440073502
1581440073505
1581440073508
1581440073511
1581440073512
1581440073513
1581440073514
1581440073516
1581440073523
1581440073524
1581440073528
1581440073529
1581440073564
1581440073564
1581440073564
1581440073568
1581440073568
1581440073570
1581440073574
1581440073575
1581440073575
1581440073575
1581440073576
1581440073580
1581440073587
1581440073589
1581440073624
1581440073626
1581440073626
1581440073630
1581440073631
1581440073631
1581440073636
1581440073637
1581440073638
1581440073638
1581440073643
1581440073647
1581440073649
1581440073653
1581440073685
1581440073686
1581440073686
1581440073692
1581440073693
1581440073697
1581440073698
1581440073698
1581440073703
1581440073703
1581440073710
1581440073711
1581440073714
1581440073745
1581440073745
1581440073747
1581440073749
1581440073750
1581440073754
1581440073762
1581440073762
1581440073766
1581440073768
1581440073769
1581440073772
1581440073806
1581440073809
1581440073810
1581440073812
1581440073812
1581440073812
1581440073816
1581440073824
1581440073827
1581440073827
1581440073827
1581440073829
1581440073872
1581440073872
1581440073876
1581440073879
1581440073882
1581440073883
1581440073883
1581440073885
1581440073890
1581440073896
1581440073896
1581440073900
1581440073937
1581440073938
1581440073938
1581440073944
1581440073944
1581440073947
1581440073949
1581440073953
1581440073960
1581440073960
1581440073960
1581440073961
1581440073962
1581440073998
1581440073999
1581440074001
1581440074001
1581440074003
1581440074003
1581440074007
1581440074015
1581440074016
1581440074016
1581440074024
1581440074024
1581440074026
1581440074060
1581440074060
1581440074061
1581440074062
1581440074067
1581440074070
1581440074072
1581440074073
1581440074073
1581440074077
1581440074078
1581440074083
1581440074083
1581440074122
1581440074122
1581440074128
1581440074128
1581440074128
1581440074128
1581440074134
1581440074138
1581440074140
1581440074146
1581440074146
1581440074149
1581440074151
1581440074151
1581440074181
1581440074182
1581440074182
1581440074186
1581440074187
1581440074188
1581440074189
1581440074192
1581440074193
1581440074197
1581440074198
1581440074204
1581440074205
1581440074206
1581440074209
1581440074210
1581440074243
1581440074244
1581440074244
1581440074249
1581440074249
1581440074250
1581440074255
1581440074255
1581440074260
1581440074261
1581440074261
1581440074268
1581440074268
1581440074271
1581440074272
1581440074272
1581440074304
1581440074305
1581440074305
1581440074309
1581440074310
1581440074312
1581440074316
1581440074316
1581440074316
1581440074316
1581440074317
1581440074322
1581440074327
1581440074328
1581440074367
1581440074367
1581440074368
1581440074371
1581440074372
1581440074373
1581440074373
1581440074376
1581440074379
1581440074388
1581440074388
1581440074389
1581440074389
1581440074434
1581440074435
1581440074435
1581440074438
1581440074440
1581440074444
1581440074446
1581440074447
1581440074447
1581440074448
1581440074448
1581440074459
1581440074460
1581440074460
1581440074462
1581440074493
1581440074494
1581440074494
1581440074494
1581440074500
1581440074501
1581440074503
1581440074505
1581440074507
1581440074509
1581440074509
1581440074511
1581440074515
1581440074515
1581440074518
1581440074552
1581440074555
1581440074555
1581440074558
1581440074561
1581440074561
1581440074566
1581440074566
1581440074568
1581440074572
1581440074573
1581440074579
1581440074579
1581440074581
1581440074614
1581440074615
1581440074615
1581440074621
1581440074621
1581440074624
1581440074627
1581440074630
1581440074632
1581440074632
1581440074638
1581440074639
1581440074640
1581440074643
1581440074675
1581440074676
1581440074676
1581440074681
1581440074682
1581440074685
1581440074688
1581440074697
1581440074697
1581440074708
1581440074708
1581440074708
1581440074708
1581440074709
1581440074716
1581440074743
1581440074747
1581440074749
1581440074750
1581440074753
1581440074753
1581440074755
1581440074760
1581440074761
1581440074764
1581440074768
1581440074769
1581440074769
1581440074771
1581440074801
1581440074802
1581440074803
1581440074808
1581440074808
1581440074809
1581440074813
1581440074813
1581440074814
1581440074815
1581440074818
1581440074820
1581440074824
1581440074832
1581440074863
1581440074864
1581440074867
1581440074867
1581440074868
1581440074870
1581440074876
1581440074880
1581440074881
1581440074885
1581440074885
1581440074888
1581440074888
1581440074889
1581440074922
1581440074923
1581440074924
1581440074928
1581440074934
1581440074934
1581440074934
1581440074940
1581440074940
1581440074942
1581440074943
1581440074946
1581440074947
1581440074949
1581440074983
1581440074985
1581440074985
1581440074987
1581440074990
1581440074996
1581440074999
1581440075001
1581440075003
1581440075007
1581440075008
1581440075011
1581440075013
1581440075014
1581440075042
1581440075044
1581440075045
1581440075050
1581440075050
1581440075054
1581440075056
1581440075057
1581440075057
1581440075060
1581440075063
1581440075066
1581440075068
1581440075069
1581440075105
1581440075106
1581440075107
1581440075110
1581440075111
1581440075116
1581440075116
1581440075120
1581440075121
1581440075128
1581440075129
1581440075129
1581440075129
1581440075129
1581440075130
1581440075165
1581440075166
1581440075167
1581440075169
1581440075171
1581440075171
1581440075177
1581440075180
1581440075183
1581440075187
1581440075191
1581440075191
1581440075193
1581440075193
1581440075194
1581440075231
1581440075233
1581440075234
1581440075237
1581440075237
1581440075243
1581440075245
1581440075246
1581440075247
1581440075248
1581440075249
1581440075252
1581440075256
1581440075257
1581440075258
1581440075260
1581440075292
1581440075293
1581440075293
1581440075298
1581440075298
1581440075303
1581440075304
1581440075304
1581440075306
1581440075306
1581440075307
1581440075310
1581440075311
1581440075311
1581440075312
1581440075319
1581440075361
1581440075369
1581440075369
1581440075369
1581440075369
1581440075390
1581440075394
1581440075398
1581440075404
1581440075410
1581440075410
1581440075410
1581440075412
1581440075446
1581440075447
1581440075451
1581440075452
1581440075453
1581440075455
1581440075458
1581440075458
1581440075460
1581440075464
1581440075466
1581440075470
1581440075471
1581440075472
1581440075514
1581440075515
1581440075515
1581440075520
1581440075521
1581440075526
1581440075527
1581440075527
1581440075527
1581440075529
1581440075533
1581440075538
1581440075540
1581440075540
1581440075578
1581440075578
1581440075578
1581440075580
1581440075582
1581440075582
1581440075583
1581440075584
1581440075584
1581440075588
1581440075590
1581440075593
1581440075595
1581440075599
1581440075600
1581440075637
1581440075637
1581440075640
1581440075642
1581440075642
1581440075642
1581440075653
1581440075653
1581440075655
1581440075660
1581440075663
1581440075664
1581440075665
1581440075666
1581440075666
1581440075699
1581440075699
1581440075700
1581440075706
1581440075706
1581440075708
1581440075709
1581440075709
1581440075710
1581440075715
1581440075718
1581440075725
1581440075728
1581440075728
1581440075730
1581440075762
1581440075763
1581440075763
1581440075769
1581440075769
1581440075770
1581440075771
1581440075773
1581440075779
1581440075779
1581440075785
1581440075786
1581440075786
1581440075788
1581440075790
1581440075827
1581440075828
1581440075830
1581440075830
1581440075835
1581440075835
1581440075838
1581440075838
1581440075839
1581440075841
1581440075841
1581440075843
1581440075847
1581440075850
1581440075853
1581440075900
1581440075900
1581440075900
1581440075900
1581440075906
1581440075912
1581440075912
1581440075913
1581440075916
1581440075918
1581440075918
1581440075918
1581440075920
1581440075922
1581440075922
1581440075957
1581440075958
1581440075962
1581440075962
1581440075964
1581440075968
1581440075974
1581440075975
1581440075975
1581440075975
1581440075980
1581440075980
1581440075981
1581440075981
1581440075983
1581440076018
1581440076019
1581440076020
1581440076024
1581440076026
1581440076028
1581440076029
1581440076029
1581440076030
1581440076036
1581440076037
1581440076037
1581440076042
1581440076045
1581440076047
1581440076083
1581440076084
1581440076084
1581440076087
1581440076089
1581440076089
1581440076095
1581440076100
1581440076100
1581440076101
1581440076101
1581440076104
1581440076108
1581440076109
1581440076113
1581440076145
1581440076146
1581440076150
1581440076151
1581440076151
1581440076161
1581440076163
1581440076167
1581440076167
1581440076168
1581440076169
1581440076172
1581440076174
1581440076174
1581440076174